     0/299     3.54G   0.09571    0.0469         0    0.1426         6       640         0         0   0.00108 0.0001466   0.08975   0.04066         0
     1/299     4.49G    0.1145   0.05042         0     0.165        10       640         0         0  0.002186 0.0003002   0.08756   0.03809         0
     2/299     4.49G   0.09302   0.05085         0    0.1439         8       640         0         0  0.002783 0.0004018   0.08408   0.03596         0
     3/299     4.49G    0.1006   0.04786         0    0.1485         7       640         0         0  0.003883 0.0005681   0.07984   0.03481         0
     4/299     4.49G    0.1061   0.05555         0    0.1617        12       640         0         0  0.004797 0.0007562   0.07677    0.0346         0
     5/299     4.49G   0.09229   0.05466         0    0.1469        12       640         0         0  0.004151 0.0006001    0.0714   0.03458         0
     6/299     4.49G   0.09111   0.05254         0    0.1436        13       640         0         0  0.007261  0.001088   0.06538   0.03498         0
     7/299     4.49G    0.0834   0.05223         0    0.1356         9       640         0         0  0.008741   0.00131   0.05935   0.03499         0
     8/299     4.49G   0.05982   0.04717         0     0.107         9       640         0         0  0.008728  0.001748   0.05693   0.03476         0
     9/299     4.49G   0.07329   0.05115         0    0.1244         7       640         0         0   0.01031  0.002099   0.05118   0.03577         0
    10/299     4.49G   0.06951   0.05209         0    0.1216         8       640         0         0   0.02018  0.003078   0.04951   0.03555         0
    11/299     4.49G   0.06841   0.04081         0    0.1092         2       640         0         0   0.02436     0.004   0.04998   0.03529         0
    12/299     4.49G   0.07086   0.05128         0    0.1221         8       640         0         0   0.02591  0.005731   0.04966   0.03529         0
    13/299     4.49G    0.0703   0.04915         0    0.1195        14       640         0         0   0.04178  0.007064   0.04566   0.03594         0
    14/299     4.49G   0.06015   0.05041         0    0.1106         7       640         0         0   0.08695   0.01959   0.04334   0.03593         0
    15/299     4.49G   0.06629   0.04679         0    0.1131         7       640         1   0.01695    0.1792   0.05792   0.04294   0.03578         0
    16/299     4.49G    0.0616   0.05065         0    0.1123         6       640         1   0.01695    0.1982   0.07046   0.04006    0.0353         0
    17/299     4.49G    0.0621   0.05047         0    0.1126         9       640         1   0.01695    0.2116   0.06771   0.03881   0.03507         0
    18/299     4.49G   0.06427   0.04235         0    0.1066         5       640         0         0    0.2129   0.06109   0.03936   0.03444         0
    19/299     4.49G   0.05216   0.04297         0   0.09513         4       640         1   0.02225    0.2673   0.08826   0.03581   0.03499         0
    20/299     4.49G   0.06715   0.04484         0     0.112         7       640    0.8002    0.0679    0.3404    0.1014    0.0349   0.03455         0
    21/299     4.49G   0.05705   0.04643         0    0.1035         7       640    0.6733    0.2034    0.3986    0.1259   0.03559   0.03375         0
    22/299     4.49G   0.05854    0.0436         0    0.1021         4       640    0.4787    0.3559    0.4336     0.132   0.03566   0.03265         0
    23/299     4.49G   0.05922   0.05015         0    0.1094         8       640     0.327    0.6102    0.4336    0.1561   0.03523   0.03102         0
    24/299     4.49G   0.05983   0.04465         0    0.1045         6       640     0.193    0.7288    0.4471    0.1621   0.03457   0.03037         0
    25/299     4.49G   0.05669    0.0442         0    0.1009         4       640    0.1508    0.7966    0.4765    0.1853   0.03915   0.02937         0
    26/299     4.49G   0.06244   0.04687         0    0.1093         8       640    0.1121    0.8644    0.4591    0.1745   0.03643   0.02871         0
    27/299     4.49G   0.05301   0.04546         0   0.09847         8       640    0.1223    0.8475    0.5082    0.2104   0.03198   0.02802         0
    28/299     4.49G   0.04643    0.0408         0   0.08723         8       640    0.1197    0.9153    0.4797    0.2164   0.03076   0.02715         0
    29/299     4.49G   0.05457   0.04171         0   0.09628         5       640    0.1163    0.9153    0.4526    0.1733   0.03138   0.02633         0
    30/299     4.49G   0.04139   0.03465         0   0.07604         5       640    0.1473    0.9073    0.5441    0.2287   0.03004    0.0249         0
    31/299     4.49G   0.05374   0.03718         0   0.09092        12       640    0.1614    0.9322    0.4632    0.1882   0.02988   0.02297         0
    32/299     4.49G   0.04808   0.03256         0   0.08064         2       640    0.2046    0.9492    0.6933    0.3211   0.02992   0.02143         0
    33/299     4.49G   0.05027   0.03362         0   0.08388         4       640    0.2037    0.9153    0.7069    0.3502   0.03285    0.0203         0
    34/299     4.49G   0.04855   0.03376         0   0.08231         7       640    0.2161    0.9322    0.6817    0.3175   0.03161   0.01978         0
    35/299     4.49G   0.04429   0.03412         0   0.07841         7       640    0.2304    0.9661    0.7181     0.336   0.02847   0.01944         0
    36/299     4.49G   0.04274   0.03417         0   0.07691        10       640    0.2389    0.9831    0.8131    0.4311   0.02937    0.0191         0
    37/299     4.49G   0.04532   0.03041         0   0.07573         6       640    0.2547         1    0.8192    0.4266   0.03195   0.01846         0
    38/299     4.49G   0.04195   0.03476         0   0.07671         8       640    0.3213    0.9831     0.897     0.472   0.03429   0.01746         0
    39/299     4.49G   0.04956   0.04112         0   0.09067        19       640    0.4015         1    0.9241    0.5145   0.02596    0.0169         0
    40/299     4.49G   0.03675   0.02738         0   0.06412         3       640    0.3344         1    0.7813     0.446   0.02946   0.01635         0
    41/299     4.49G   0.04367    0.0255         0   0.06918         4       640    0.3537         1    0.8705    0.4365   0.03162   0.01593         0
    42/299     4.49G   0.03834    0.0239         0   0.06224         6       640    0.2522         1    0.5244    0.2419   0.04219   0.01565         0
    43/299     4.49G   0.05087    0.0256         0   0.07647         3       640    0.2614         1    0.7039    0.3713   0.04217    0.0148         0
    44/299     4.49G   0.05248   0.03475         0   0.08723         9       640    0.3561         1    0.7793    0.2649   0.03208   0.01577         0
    45/299     4.49G   0.05037   0.02779         0   0.07816        10       640    0.2567         1    0.6981    0.3119   0.03578   0.01491         0
    46/299     4.49G   0.05183   0.02562         0   0.07745         4       640    0.2941         1    0.8565    0.4673   0.04023   0.01462         0
    47/299     4.49G   0.04467   0.02393         0    0.0686         4       640    0.4541         1    0.9646    0.5772   0.03159   0.01526         0
    48/299     4.49G   0.05138   0.03043         0   0.08181        10       640    0.3265         1    0.9711    0.6408   0.03939   0.01467         0
    49/299     4.49G   0.04494    0.0279         0   0.07284         7       640    0.4045         1    0.9481    0.5233   0.03454   0.01468         0
    50/299     4.49G   0.04646   0.02318         0   0.06964         4       640     0.375         1    0.8781    0.5108    0.0337   0.01487         0
    51/299     4.49G   0.04307   0.02418         0   0.06725         4       640    0.3478         1    0.8769    0.3832   0.03404   0.01441         0
    52/299     4.49G    0.0489    0.0311         0      0.08        10       640    0.3733         1    0.8402     0.448   0.03855   0.01375         0
    53/299     4.49G    0.0518   0.03134         0   0.08314        14       640    0.4248         1    0.8357    0.4436   0.03728   0.01441         0
    54/299     4.49G   0.04084   0.02686         0    0.0677         7       640    0.3871         1      0.84    0.6006   0.03084   0.01403         0
    55/299     4.49G   0.04272    0.0267         0   0.06942         5       640    0.4034         1    0.7696    0.4686   0.03195   0.01385         0
    56/299     4.49G   0.04288   0.02604         0   0.06892         4       640    0.4408         1    0.8384    0.4659   0.02937   0.01362         0
    57/299     4.49G   0.04365   0.02945         0    0.0731         5       640    0.4057         1    0.8109     0.549   0.03003   0.01327         0
    58/299     4.49G   0.04543   0.02323         0   0.06866         7       640     0.332         1    0.8173    0.5647   0.03376   0.01294         0
    59/299     4.49G    0.0469   0.04155         0   0.08845        21       640    0.3842         1    0.8881    0.5717   0.03016   0.01285         0
    60/299     4.49G   0.04066   0.03578         0   0.07644        15       640     0.311         1    0.9086    0.5788    0.0357   0.01249         0
    61/299     4.49G   0.03873   0.02405         0   0.06278         4       640    0.4196         1    0.9525    0.5912   0.03303    0.0122         0
    62/299     4.49G   0.03597   0.02236         0   0.05833         3       640    0.5084         1    0.9759    0.5881    0.0238   0.01245         0
    63/299     4.49G   0.04062   0.02815         0   0.06877         8       640    0.5465         1     0.901    0.5321   0.02479   0.01271         0
    64/299     4.49G   0.03916    0.0259         0   0.06506        12       640    0.3037         1    0.8981    0.4505   0.04373   0.01222         0
    65/299     4.49G   0.04295   0.02263         0   0.06558         5       640    0.4131         1    0.9325    0.5517   0.03876     0.012         0
    66/299     4.49G   0.03679   0.01955         0   0.05634         6       640    0.7326         1    0.9901    0.5921   0.03475   0.01239         0
    67/299     4.49G   0.03869   0.02344         0   0.06213         5       640    0.5872         1    0.9904    0.7006   0.03043   0.01175         0
    68/299     4.49G    0.0433   0.02363         0   0.06693         7       640    0.4402         1    0.9637    0.4362   0.03233   0.01231         0
    69/299     4.49G   0.03793   0.02547         0    0.0634         4       640    0.5263         1    0.9845    0.6047   0.02654   0.01126         0
    70/299     4.49G   0.02696   0.02206         0   0.04902         6       640    0.8655         1    0.9948    0.7125   0.01972   0.01107         0
    71/299     4.49G   0.04033   0.02304         0   0.06336         8       640     0.478         1     0.819    0.4519   0.03166   0.01166         0
    72/299     4.49G   0.03704   0.02065         0   0.05769         4       640    0.5706         1    0.9174    0.5286   0.02553    0.0116         0
    73/299     4.49G   0.03913   0.01905         0   0.05818         4       640    0.6307         1    0.9246    0.4969   0.02631    0.0118         0
    74/299     4.49G   0.03632   0.01951         0   0.05583         8       640    0.4736         1    0.9504    0.6234   0.02744   0.01143         0
    75/299     4.49G   0.03621   0.02254         0   0.05875         6       640    0.5242         1    0.9051    0.5931   0.02335   0.01177         0
    76/299     4.49G   0.03876   0.02308         0   0.06184         7       640    0.5166         1    0.9224    0.6546   0.02636   0.01123         0
    77/299     4.49G   0.03771   0.02764         0   0.06535        11       640    0.4955         1    0.9299    0.6118   0.02877   0.01143         0
    78/299     4.49G   0.03253   0.01905         0   0.05159         4       640    0.4499         1    0.9584    0.6971   0.03392   0.01069         0
    79/299     4.49G   0.03644   0.01983         0   0.05626         5       640    0.6746         1    0.9714    0.6107   0.02287   0.01115         0
    80/299     4.49G   0.03916   0.02679         0   0.06596         9       640    0.5303         1    0.9538    0.5293   0.02804   0.01199         0
    81/299     4.49G   0.03719   0.02468         0   0.06187         5       640    0.5399         1    0.9509    0.5534   0.02127   0.01164         0
    82/299     4.49G    0.0305    0.0215         0   0.05201         5       640    0.5772         1    0.9515    0.6663    0.0272   0.01098         0
    83/299     4.49G   0.04295   0.02211         0   0.06506         7       640    0.4649         1    0.9043    0.5147    0.0275   0.01145         0
    84/299     4.49G     0.032   0.01889         0   0.05089         3       640    0.5963         1    0.9325     0.674   0.02525   0.01005         0
    85/299     4.49G   0.03661   0.02443         0   0.06105         9       640    0.6866         1    0.9901    0.7161   0.01909   0.01013         0
    86/299     4.49G   0.03405    0.0204         0   0.05445         7       640    0.5056         1    0.9052    0.4689   0.02406   0.01153         0
    87/299     4.49G   0.03427    0.0189         0   0.05317         6       640    0.4408         1    0.8809     0.569   0.02729    0.0108         0
    88/299     4.49G   0.03321   0.02334         0   0.05656         6       640    0.7962         1    0.9906    0.6569   0.01783   0.01047         0
    89/299     4.49G   0.02579    0.0188         0   0.04459         6       640    0.7317         1    0.9873    0.6629   0.02649   0.01017         0
    90/299     4.49G   0.03086   0.01816         0   0.04902         5       640    0.6562         1    0.9539    0.7051   0.02259  0.009903         0
    91/299     4.49G   0.03727   0.02282         0   0.06009         8       640    0.4832         1    0.8903    0.5808   0.02465  0.009997         0
    92/299     4.49G   0.03184   0.01753         0   0.04936         5       640    0.7369         1    0.9542    0.6696   0.01891  0.009914         0
    93/299     4.49G   0.02227   0.01885         0   0.04112         4       640    0.8322         1    0.9219    0.6956   0.01872  0.009743         0
    94/299     4.49G   0.03329   0.02207         0   0.05535        13       640    0.7663         1    0.9879     0.729   0.02532  0.009558         0
    95/299     4.49G   0.02981   0.01733         0   0.04715         4       640     0.726         1    0.9724    0.7415   0.02002  0.009036         0
    96/299     4.49G   0.03049   0.01714         0   0.04763         6       640     0.451         1    0.9133     0.681   0.02882  0.009337         0
    97/299     4.49G   0.03616    0.0227         0   0.05886         8       640    0.8608         1    0.9859    0.6145   0.02566  0.009447         0
    98/299     4.49G   0.02809   0.01986         0   0.04795         6       640    0.7702         1    0.9712    0.7511   0.02404  0.009493         0
    99/299     4.49G   0.03297   0.02007         0   0.05304         4       640    0.8509         1    0.9833    0.7756   0.01931  0.009433         0
   100/299     4.49G    0.0335   0.02369         0   0.05719        13       640    0.4425         1    0.8991    0.6914   0.02861  0.009932         0
   101/299     4.49G   0.03156   0.01665         0   0.04821         6       640     0.902         1     0.994    0.7884   0.02026  0.008841         0
   102/299     4.49G   0.02927   0.01691         0   0.04618         4       640    0.5345         1    0.9405    0.6665   0.02211   0.01008         0
   103/299     4.49G   0.03491   0.01777         0   0.05267         7       640    0.6861         1    0.9517    0.7077   0.01945  0.009211         0
   104/299     4.49G   0.02873    0.0185         0   0.04723         4       640    0.9286         1     0.995    0.7434   0.01768  0.009164         0
   105/299     4.49G   0.02526   0.01812         0   0.04338         5       640    0.8657         1     0.995    0.7587   0.02058  0.009647         0
   106/299     4.49G   0.02983   0.01611         0   0.04594         4       640    0.7154         1    0.9876    0.6853   0.02217   0.01003         0
   107/299     4.49G   0.03417   0.02628         0   0.06045        14       640    0.9025         1     0.994    0.6687   0.01958   0.00927         0
   108/299     4.49G   0.03175   0.01619         0   0.04794         4       640    0.8096         1    0.9919    0.7539   0.02199  0.009296         0
   109/299     4.49G   0.02948   0.01976         0   0.04924         3       640    0.8579         1    0.9935    0.5942   0.02083   0.01002         0
   110/299     4.49G   0.02914   0.01729         0   0.04644         6       640    0.6854         1    0.9408    0.6675   0.02355  0.009381         0
   111/299     4.49G   0.03223   0.01972         0   0.05195         9       640     0.734         1    0.9892    0.6887   0.02343  0.009348         0
   112/299     4.49G    0.0278   0.01709         0   0.04489         6       640    0.8887         1    0.9948    0.6612   0.02433  0.009216         0
   113/299     4.49G    0.0368   0.01844         0   0.05523         6       640    0.8028         1    0.9903    0.8005   0.02254  0.008973         0
   114/299     4.49G   0.02899   0.01764         0   0.04664         8       640     0.709         1    0.9664    0.7972    0.0202  0.008503         0
   115/299     4.49G   0.03155    0.0249         0   0.05645        13       640    0.8322         1    0.9905    0.7884   0.01985  0.008509         0
   116/299     4.49G   0.02936   0.02038         0   0.04974        12       640    0.7226         1    0.9597    0.7012   0.02196  0.008661         0
   117/299     4.49G   0.02475    0.0142         0   0.03895         4       640    0.7319         1    0.9898    0.7551   0.02058  0.008818         0
   118/299     4.49G   0.02955     0.019         0   0.04855         6       640     0.677         1    0.9712    0.7663     0.021  0.008618         0
   119/299     4.49G   0.02578   0.02056         0   0.04634         4       640    0.8058         1    0.9904    0.7715   0.01596  0.008353         0
   120/299     4.49G   0.02689   0.01633         0   0.04322         3       640    0.7081         1    0.9863      0.67   0.02175  0.009134         0
   121/299     4.49G   0.02554   0.01714         0   0.04268         9       640    0.9251         1     0.995    0.7735   0.02107  0.008367         0
   122/299     4.49G   0.02907   0.02939         0   0.05847        18       640    0.8669         1    0.9928    0.7641   0.01929   0.00838         0
   123/299     4.49G   0.02413   0.01903         0   0.04316         7       640    0.9284         1     0.995    0.7394   0.02284  0.008145         0
   124/299     4.49G   0.03181   0.02023         0   0.05204         8       640    0.9442         1     0.995    0.7882   0.01627  0.008103         0
   125/299     4.49G   0.02721   0.02094         0   0.04815         5       640    0.9255         1     0.995    0.8236   0.01344  0.007077         0
   126/299     4.49G   0.03184   0.02035         0   0.05219        11       640    0.9006         1     0.995    0.7944   0.01927  0.007659         0
   127/299     4.49G   0.02978   0.01823         0     0.048         8       640    0.7318         1    0.9617    0.6109   0.02658  0.008919         0
   128/299     4.49G   0.03088   0.01953         0   0.05041         6       640    0.9485         1     0.995    0.8254   0.01609  0.007975         0
   129/299     4.49G   0.02475   0.01643         0   0.04117         4       640     0.904         1    0.9937    0.7362   0.02105   0.00796         0
   130/299     4.49G   0.03605   0.01608         0   0.05213         5       640    0.8295         1    0.9906    0.6493   0.02534  0.009126         0
   131/299     4.49G   0.03355   0.01637         0   0.04992        10       640    0.9379         1     0.995     0.832   0.01514  0.007976         0
   132/299     4.49G   0.02458   0.01926         0   0.04385         5       640    0.9382         1     0.995    0.8332   0.02122  0.007791         0
   133/299     4.49G   0.03244   0.01844         0   0.05088         8       640    0.7432         1    0.9695    0.5508   0.02645  0.009552         0
   134/299     4.49G   0.03239   0.01525         0   0.04764         7       640    0.7483         1    0.9829    0.6906   0.02238  0.008681         0
   135/299     4.49G   0.03273   0.01709         0   0.04982         6       640    0.9692         1     0.995    0.8451   0.01521   0.00773         0
   136/299     4.49G    0.0265   0.01591         0   0.04242         6       640    0.8859         1    0.9799    0.8252   0.02216   0.00779         0
   137/299     4.49G   0.03229   0.01828         0   0.05057         7       640    0.9239         1     0.995    0.7899   0.02189  0.007715         0
   138/299     4.49G   0.02588   0.02002         0   0.04591         7       640    0.9003         1    0.9935    0.7221   0.01739  0.008026         0
   139/299     4.49G   0.02868   0.01812         0    0.0468         7       640    0.9342         1    0.9892    0.7909   0.02155  0.008576         0
   140/299     4.49G     0.034   0.02552         0   0.05952         6       640    0.8492         1    0.9948    0.8144   0.01743  0.008452         0
   141/299     4.49G   0.02726    0.0189         0   0.04616         7       640    0.9838         1     0.995    0.7874   0.01373  0.007841         0
   142/299     4.49G   0.02161     0.015         0   0.03661         4       640    0.7324         1    0.9907     0.673   0.02254  0.008775         0
   143/299     4.49G    0.0312    0.0179         0   0.04909         7       640    0.8545         1     0.995    0.7736   0.01871  0.008163         0
   144/299     4.49G   0.02833   0.02134         0   0.04967        10       640    0.9279         1     0.995    0.8586   0.01601  0.007685         0
   145/299     4.49G   0.02752   0.02106         0   0.04858        12       640    0.8912         1     0.994    0.7734   0.01913  0.008525         0
   146/299     4.49G    0.0278   0.01483         0   0.04263         5       640    0.9077         1    0.9928    0.8044   0.01724   0.00796         0
   147/299     4.49G   0.02536   0.01753         0   0.04288        10       640    0.9541         1     0.995    0.8711   0.01504  0.007637         0
   148/299     4.49G   0.02499   0.01799         0   0.04298         6       640    0.9547         1     0.995    0.7234   0.02413  0.008396         0
   149/299     4.49G    0.0374   0.01499         0    0.0524         4       640    0.9391         1    0.9947     0.806   0.02105  0.008006         0
   150/299     4.49G   0.02508   0.01707         0   0.04215         7       640    0.9493         1     0.995    0.8454   0.01916  0.007523         0
   151/299     4.49G    0.0277   0.01564         0   0.04334         6       640    0.9694         1     0.995    0.8041   0.01621   0.00771         0
   152/299     4.49G   0.02509   0.01504         0   0.04014         4       640    0.9743         1     0.995    0.8746   0.01368  0.006936         0
   153/299     4.49G   0.02523   0.01745         0   0.04268         7       640    0.9837         1     0.995    0.8801   0.01314  0.006983         0
   154/299     5.02G   0.02337   0.01539         0   0.03875         3       640    0.8494         1    0.9859    0.8217   0.01914  0.007391         0
   155/299     5.02G   0.02592   0.02114         0   0.04706         7       640    0.9613         1     0.995    0.8896   0.01461  0.007021         0
   156/299     5.02G   0.02535    0.0194         0   0.04475         6       640    0.9394         1     0.995    0.8687   0.01099   0.00667         0
   157/299     5.02G   0.02677   0.01741         0   0.04419         8       640    0.9553         1     0.995    0.7805   0.01997  0.007424         0
   158/299     5.02G   0.03255   0.01953         0   0.05208         7       640     0.943         1     0.995    0.8802   0.01287  0.007048         0
   159/299     5.02G   0.02207   0.01438         0   0.03644         6       640    0.9511         1    0.9642    0.8249   0.01315   0.00669         0
   160/299     5.02G   0.02603   0.01804         0   0.04407         9       640    0.7436         1    0.9808    0.7704   0.02154  0.007469         0
   161/299     5.02G   0.02696    0.0161         0   0.04306         5       640    0.9434         1     0.995    0.8743   0.01583  0.006589         0
   162/299     5.02G   0.01988    0.0174         0   0.03728         7       640    0.9473         1     0.995    0.8347   0.01556  0.006954         0
   163/299     5.02G   0.02386   0.01589         0   0.03976         8       640    0.9324         1     0.995    0.8194   0.01628  0.007638         0
   164/299     5.02G   0.03034   0.01693         0   0.04726         7       640    0.9693         1     0.995    0.8782   0.01199  0.006994         0
   165/299     5.02G   0.02316   0.01701         0   0.04017        10       640    0.9409         1     0.995    0.8452   0.01298  0.007483         0
   166/299     5.02G   0.02107   0.01307         0   0.03415         4       640    0.9133         1    0.9948    0.8658    0.0183  0.007607         0
   167/299     5.02G   0.02621   0.01555         0   0.04176         8       640    0.9356    0.9831    0.9931    0.8598   0.01292  0.007601         0
   168/299     5.02G   0.02173   0.01239         0   0.03412         3       640    0.9525    0.9831    0.9902    0.8789   0.01225  0.007619         0
   169/299     5.02G   0.02153   0.01433         0   0.03586         6       640    0.9642         1     0.995    0.8136   0.01677  0.007705         0
   170/299     5.02G   0.02212   0.01535         0   0.03748         5       640    0.9838         1     0.995    0.8783   0.01289  0.007111         0
   171/299     5.02G   0.01748   0.01499         0   0.03247         6       640    0.9759         1     0.995    0.8762   0.01127  0.006886         0
   172/299     5.02G   0.02091   0.01284         0   0.03375         4       640    0.9657         1     0.995    0.8412   0.01793  0.007312         0
   173/299     5.02G   0.02499   0.01508         0   0.04008         5       640    0.9639         1     0.995    0.8729   0.01386  0.006945         0
   174/299     5.02G   0.01818   0.01548         0   0.03365         7       640    0.9468         1     0.995    0.8279     0.014  0.007444         0
   175/299     5.02G    0.0286   0.01568         0   0.04428         5       640    0.9638         1     0.995    0.8493   0.01268  0.006814         0
   176/299     5.02G   0.02717    0.0191         0   0.04628        13       640     0.963         1     0.995     0.877   0.01167  0.006935         0
   177/299     5.02G   0.02113   0.01586         0   0.03699         6       640      0.96         1     0.995     0.872   0.01131  0.007155         0
   178/299     5.02G   0.02385    0.0154         0   0.03925         6       640     0.951         1     0.995    0.8907     0.013   0.00707         0
   179/299     5.02G   0.02645   0.01766         0   0.04412         6       640    0.9382         1     0.995    0.8441   0.01168  0.007308         0
   180/299     5.02G   0.02037   0.01385         0   0.03422         7       640    0.9836         1     0.995    0.8974   0.01254  0.006992         0
   181/299     5.02G   0.02382   0.01637         0   0.04019        11       640    0.9785         1     0.995    0.9031   0.01313  0.007391         0
   182/299     5.02G   0.02585   0.01892         0   0.04477         5       640    0.9688         1     0.995    0.8917   0.01064  0.006826         0
   183/299     5.02G   0.01931   0.01301         0   0.03232         6       640    0.9504         1     0.995    0.8804   0.01507  0.007357         0
   184/299     5.02G   0.02303   0.01359         0   0.03662         6       640    0.9673         1     0.995    0.8475   0.01477  0.007898         0
   185/299     5.02G   0.02392   0.01527         0   0.03919         7       640      0.97         1     0.995    0.8953   0.01371  0.007414         0
   186/299     5.02G   0.02103   0.01653         0   0.03756         6       640     0.955         1     0.995    0.8914   0.01034  0.007274         0
   187/299     5.02G   0.01716   0.01529         0   0.03245         7       640    0.9286         1     0.995    0.8784   0.01439  0.007505         0
   188/299     5.02G   0.02437   0.01805         0   0.04242        14       640    0.9556         1     0.995    0.9007   0.01065  0.007422         0
   189/299     5.02G   0.01996   0.01674         0   0.03669         4       640    0.9587         1     0.995    0.9069     0.012  0.007701         0
   190/299     5.02G   0.02336   0.01965         0   0.04301        14       640    0.9241         1    0.9937    0.7994   0.01877  0.008924         0
   191/299     5.02G   0.02411   0.01877         0   0.04288        14       640    0.9687         1     0.995    0.9019   0.01324  0.007945         0
   192/299     5.02G    0.0178   0.01581         0    0.0336         6       640    0.9694         1     0.995    0.9187   0.01039  0.007155         0
   193/299     5.02G   0.01866   0.01428         0   0.03294         7       640    0.9696         1     0.995    0.8837   0.01484  0.007102         0
   194/299     5.02G   0.02372   0.01692         0   0.04064         7       640    0.9686         1     0.995    0.9002   0.01387  0.006671         0
   195/299     5.02G   0.02076   0.01467         0   0.03543         8       640    0.9538         1     0.995    0.8772   0.01106  0.006995         0
   196/299     5.02G   0.01964   0.01903         0   0.03868         8       640    0.9433         1     0.995    0.8784   0.01029  0.006642         0
   197/299     5.02G   0.02165   0.02035         0     0.042        14       640    0.9665         1     0.995    0.8899  0.008814  0.006197         0
   198/299     5.02G   0.01458   0.01383         0   0.02841         7       640    0.9598         1     0.995    0.8909   0.01171  0.006052         0
   199/299     5.02G   0.01959     0.018         0   0.03758        11       640    0.9551         1     0.995    0.9012    0.0121  0.006401         0
   200/299     5.02G   0.01908    0.0191         0   0.03818         5       640    0.9552         1     0.995    0.9055  0.008678  0.005813         0
   201/299     5.02G   0.01412   0.01337         0   0.02749         7       640    0.9412         1     0.995    0.8826  0.009179  0.006214         0
   202/299     5.02G   0.02313   0.01934         0   0.04246         6       640    0.9296         1     0.995    0.9179   0.01388  0.006756         0
   203/299     5.02G   0.01889   0.01634         0   0.03523         8       640    0.9415         1     0.995    0.9133  0.009569  0.006263         0
   204/299     5.02G   0.01477   0.01203         0   0.02679         5       640    0.9509         1     0.995    0.9161  0.008048  0.006027         0
   205/299     5.02G   0.01601   0.01431         0   0.03032         5       640    0.9395         1     0.995    0.9022  0.009561  0.006452         0
   206/299     5.02G   0.01758   0.01083         0   0.02841         4       640    0.9364         1     0.995    0.9094  0.009571  0.006088         0
   207/299     5.02G   0.01879   0.01444         0   0.03323         7       640    0.9172         1     0.995    0.9229   0.00762  0.006252         0
   208/299     5.02G    0.0184   0.01322         0   0.03161         6       640    0.9172         1     0.995    0.9229   0.00762  0.006252         0
   209/299     5.02G   0.02044   0.01575         0   0.03619         6       640    0.9328         1     0.995    0.8821    0.0128   0.00741         0
   210/299     5.02G   0.02071   0.01577         0   0.03648        10       640    0.9076         1     0.995    0.8934  0.009648  0.006133         0
   211/299     5.02G   0.01809   0.01436         0   0.03245         8       640    0.9755         1     0.995     0.901   0.01118  0.006085         0
   212/299     5.02G   0.01825   0.01328         0   0.03153         3       640    0.9615         1     0.995    0.8991  0.009892  0.006541         0
   213/299     5.02G   0.01507  0.009931         0     0.025         4       640    0.9738         1     0.995    0.9005   0.01249  0.006595         0
   214/299     5.02G   0.02328   0.01558         0   0.03886         7       640    0.9723         1     0.995    0.9307   0.01024  0.006446         0
   215/299     5.02G    0.0228   0.01401         0   0.03681         9       640    0.9708         1     0.995    0.9276   0.01091   0.00671         0
   216/299     5.02G   0.01685   0.01276         0   0.02961         5       640      0.97         1     0.995    0.9111  0.008935  0.006452         0
   217/299     5.02G   0.01539   0.01805         0   0.03344         8       640    0.9708         1     0.995    0.9219  0.009276   0.00651         0
   218/299     5.02G   0.02087   0.01195         0   0.03281         5       640    0.9709         1     0.995    0.9255   0.01345  0.006913         0
   219/299     5.02G   0.01606    0.0137         0   0.02977        10       640    0.9705         1     0.995    0.9375  0.009254  0.006148         0
   220/299     5.02G   0.01976   0.01246         0   0.03222         5       640    0.9714         1     0.995    0.9284  0.009803  0.006181         0
   221/299     5.02G   0.02148   0.01254         0   0.03403         5       640    0.9666         1     0.995    0.8994    0.0105  0.006461         0
   222/299     5.02G   0.01847    0.0144         0   0.03287        11       640    0.9592         1     0.995    0.9484   0.01094  0.005935         0
   223/299     5.02G   0.01605   0.01222         0   0.02827         7       640    0.9589         1     0.995    0.9274  0.009989   0.00618         0
   224/299     5.02G   0.01733   0.01558         0   0.03291        11       640    0.9657         1     0.995    0.9451   0.01175  0.006476         0
   225/299     5.02G   0.01638   0.01262         0     0.029         9       640    0.9588         1     0.995    0.9184  0.008462  0.006083         0
   226/299     5.02G   0.01803   0.01264         0   0.03067         7       640    0.9764         1     0.995    0.9424   0.01054  0.006196         0
   227/299     5.02G   0.01986   0.01166         0   0.03152         3       640    0.9839         1     0.995    0.9516   0.00948  0.006597         0
   228/299     5.02G   0.01668    0.0125         0   0.02918         5       640    0.9842         1     0.995    0.9152  0.008759  0.006449         0
   229/299     5.02G   0.01789   0.01104         0   0.02893         3       640    0.9842         1     0.995    0.9246  0.007944  0.006408         0
   230/299     5.02G   0.01861   0.01206         0   0.03067         4       640    0.9838         1     0.995    0.9331  0.007656   0.00623         0
   231/299     5.02G   0.01927   0.01155         0   0.03082         5       640    0.9837         1     0.995    0.9337  0.009367  0.006527         0
   232/299     5.02G   0.01526    0.0128         0   0.02806         6       640    0.9838         1     0.995    0.9312  0.007886  0.006497         0
   233/299     5.02G   0.01907   0.01422         0   0.03329         9       640    0.9842         1     0.995    0.9296  0.009945  0.006551         0
   234/299     5.02G   0.01882   0.01309         0   0.03191         5       640    0.9844         1     0.995    0.9159  0.008369  0.006741         0
   235/299     5.02G   0.01786   0.01679         0   0.03464         9       640     0.984         1     0.995    0.9195  0.009292  0.007046         0
   236/299     5.02G   0.01713   0.01803         0   0.03516         9       640    0.9835         1     0.995    0.9228  0.007425  0.006887         0
   237/299     5.02G   0.01553   0.01218         0   0.02772         7       640    0.9779         1     0.995    0.9213   0.00941  0.007055         0
   238/299     5.02G   0.01658    0.0109         0   0.02748         6       640    0.9833         1     0.995    0.9247  0.008536  0.007215         0
   239/299     5.02G    0.0175   0.01656         0   0.03406         6       640    0.9838         1     0.995    0.8931  0.009804  0.007057         0
   240/299     5.02G   0.01691   0.01167         0   0.02858         7       640    0.9838         1     0.995    0.9444  0.007437    0.0066         0
   241/299     5.02G   0.01586    0.0129         0   0.02876         5       640    0.9838         1     0.995    0.9304  0.008323  0.006661         0
   242/299     5.02G   0.01825   0.01288         0   0.03113         6       640    0.9835         1     0.995    0.9433  0.008134   0.00693         0
   243/299     5.02G   0.01696   0.01393         0   0.03089         4       640    0.9834         1     0.995    0.9374  0.007904  0.006665         0
   244/299     5.02G   0.01613   0.01203         0   0.02817         5       640    0.9799         1     0.995    0.9338  0.006883  0.006481         0
   245/299     5.02G   0.01712   0.01805         0   0.03517        16       640    0.9782         1     0.995    0.9367  0.007854  0.006752         0
   246/299     5.02G   0.01612   0.01697         0   0.03309         6       640    0.9692         1     0.995     0.941  0.006662  0.006331         0
   247/299     5.02G   0.01668   0.01356         0   0.03024        12       640    0.9687         1     0.995    0.9348   0.00729  0.006525         0
   248/299     5.02G   0.01512   0.01003         0   0.02515         4       640    0.9709         1     0.995    0.9394  0.008679  0.006663         0
   249/299     5.02G   0.01687   0.01301         0   0.02988        14       640     0.971         1     0.995    0.9274  0.006517  0.006222         0
   250/299     5.02G   0.01412   0.01217         0   0.02629         4       640    0.9719         1     0.995    0.9492  0.007152   0.00626         0
   251/299     5.02G   0.01523   0.01173         0   0.02697         5       640    0.9711         1     0.995    0.9345  0.008003  0.006154         0
   252/299     5.02G   0.01467    0.0143         0   0.02897         7       640    0.9666         1     0.995      0.95  0.007194   0.00592         0
   253/299     5.02G   0.01467   0.01173         0    0.0264         5       640    0.9703         1     0.995    0.9606  0.007744  0.005732         0
   254/299     5.02G   0.01127  0.009543         0   0.02082         5       640    0.9699         1     0.995    0.9339  0.007916  0.005606         0
   255/299     5.02G   0.01601   0.01499         0   0.03099         9       640    0.9717         1     0.995    0.9388  0.008359  0.005579         0
   256/299     5.02G   0.01501   0.01421         0   0.02922         7       640    0.9747         1     0.995    0.9594   0.00733  0.005345         0
   257/299     5.02G    0.0174   0.01454         0   0.03194         7       640    0.9834         1     0.995    0.9366  0.007378  0.005253         0
   258/299     5.02G   0.01197   0.00898         0   0.02095         3       640    0.9835         1     0.995    0.9238  0.008314  0.005365         0
   259/299     5.02G   0.01292   0.01353         0   0.02645         9       640    0.9838         1     0.995     0.935  0.008323  0.005097         0
   260/299     5.02G    0.0138   0.01339         0   0.02719         8       640    0.9835         1     0.995     0.942  0.007399  0.005193         0
   261/299     5.02G   0.01363   0.01269         0   0.02632         8       640    0.9831         1     0.995    0.9559  0.007303  0.004978         0
   262/299     5.02G   0.01251    0.0102         0   0.02271         4       640    0.9808         1     0.995    0.9584  0.007104  0.004955         0
   263/299     5.02G   0.01584   0.01443         0   0.03026         6       640    0.9784         1     0.995    0.9349  0.007605  0.005252         0
   264/299     5.02G   0.01852   0.01223         0   0.03075         8       640     0.975         1     0.995    0.9487  0.006394  0.004854         0
   265/299     5.02G   0.01759   0.01364         0   0.03122         5       640    0.9747         1     0.995    0.9552  0.006735  0.004986         0
   266/299     5.02G   0.01282   0.01158         0    0.0244         8       640    0.9737         1     0.995    0.9267  0.007353  0.005126         0
   267/299     5.02G   0.01178   0.01125         0   0.02303         7       640    0.9706         1     0.995    0.9658  0.006032   0.00494         0
   268/299     5.02G   0.01643   0.01559         0   0.03202         9       640      0.97         1     0.995    0.9159  0.008263  0.005379         0
   269/299     5.02G  0.008793  0.009876         0   0.01867         4       640    0.9702         1     0.995    0.9344  0.006409  0.005191         0
   270/299     5.02G   0.01904   0.01596         0     0.035        18       640    0.9695         1     0.995    0.9046  0.009279  0.005446         0
   271/299     5.02G   0.01352   0.01181         0   0.02533         5       640    0.9694         1     0.995     0.967  0.007175  0.005181         0
   272/299     5.02G   0.01962   0.01463         0   0.03425        13       640    0.9686         1     0.995    0.9374  0.007041  0.005441         0
   273/299     5.02G   0.01245   0.01333         0   0.02578         6       640    0.9676         1     0.995    0.9654  0.006161  0.005169         0
   274/299     5.02G   0.01282   0.01161         0   0.02443         7       640    0.9661         1     0.995    0.9716  0.006133   0.00514         0
   275/299     5.02G    0.0154   0.01444         0   0.02984         7       640    0.9686         1     0.995    0.9271  0.006708  0.005235         0
   276/299     5.02G   0.01495   0.01099         0   0.02594         8       640    0.9603         1     0.995    0.9742  0.005884  0.005056         0
   277/299     5.02G   0.01029   0.01158         0   0.02187         4       640     0.959         1     0.995    0.9491  0.006399  0.005054         0
   278/299     5.02G    0.0128   0.01196         0   0.02476         4       640    0.9587         1     0.995    0.9819  0.005582  0.004904         0
   279/299     5.02G   0.01295   0.01128         0   0.02423         5       640     0.958         1     0.995    0.9664  0.006249  0.004974         0
   280/299     5.02G   0.01386   0.01139         0   0.02526        10       640    0.9613         1     0.995    0.9445  0.006735  0.005151         0
   281/299     5.02G   0.01338   0.01188         0   0.02527         8       640    0.9687         1     0.995    0.9672  0.005953  0.004975         0
   282/299     5.02G   0.01173   0.01064         0   0.02237         5       640    0.9697         1     0.995    0.9594  0.006405  0.004999         0
   283/299     5.02G   0.01132    0.0108         0   0.02212         8       640    0.9748         1     0.995    0.9487  0.006248  0.005008         0
   284/299     5.02G  0.009964   0.01087         0   0.02083         6       640    0.9737         1     0.995    0.9739  0.005754  0.004799         0
   285/299     5.02G   0.01387   0.01106         0   0.02494        10       640    0.9835         1     0.995    0.9797  0.005373  0.004746         0
   286/299     5.02G   0.01257   0.01151         0   0.02408         7       640    0.9837         1     0.995     0.946  0.006334  0.004999         0
   287/299     5.02G   0.01113   0.01151         0   0.02265         9       640    0.9838         1     0.995    0.9824  0.005697  0.004864         0
   288/299     5.02G   0.01205    0.0101         0   0.02215         8       640    0.9836         1     0.995    0.9807  0.005546  0.004861         0
   289/299     5.02G   0.01482   0.01389         0    0.0287         9       640    0.9835         1     0.995     0.967  0.006007  0.005019         0
   290/299     5.02G   0.01376  0.008697         0   0.02246         4       640    0.9835         1     0.995    0.9698  0.005524  0.005016         0
   291/299     5.02G   0.01171   0.01219         0    0.0239         6       640    0.9775         1     0.995    0.9768   0.00527  0.004849         0
   292/299     5.02G   0.01049   0.01054         0   0.02103         7       640    0.9756         1     0.995    0.9629  0.006172  0.005092         0
   293/299     5.02G   0.01154   0.01143         0   0.02297         7       640    0.9761         1     0.995    0.9595  0.005985  0.005159         0
   294/299     5.02G  0.009381  0.008744         0   0.01812         5       640    0.9742         1     0.995    0.9699  0.005937  0.005012         0
   295/299     5.02G    0.0116   0.01159         0   0.02318         9       640    0.9758         1     0.995    0.9695   0.00591  0.005161         0
   296/299     5.02G    0.0174   0.01541         0   0.03281        18       640    0.9746         1     0.995    0.9598  0.006274  0.005403         0
   297/299     5.02G   0.01152   0.01251         0   0.02403         7       640    0.9737         1     0.995    0.9676  0.005593  0.005332         0
   298/299     5.02G   0.01185  0.009689         0   0.02154         4       640    0.9742         1     0.995    0.9748  0.005838  0.005381         0
   299/299     5.02G  0.009991   0.01088         0   0.02087         5       640    0.9742         1     0.995     0.956  0.006161    0.0055         0
